32 16 400
-4.31602e+008 -4.31602e+008 -4.31602e+008 -4.31602e+008 -4.31602e+008 -4.31602e+008 -4.31602e+008 -4.31602e+008 -4.31602e+008 -4.31602e+008 -4.31602e+008 -4.31602e+008 -4.31602e+008 -4.31602e+008 -4.31602e+008 -4.31602e+008 
0 0 0 0 0 0 0 0 0 0 0 0 0 0 0 0 
0 0 0 0 0 0 0 0 0 0 0 0 0 0 0 0 
0 0 0 0 0 0 0 0 0 0 0 0 0 0 0 0 
0 0 0 0 0 0 0 0 0 0 0 0 0 0 0 0 
0 0 0 0 0 0 0 0 0 0 0 0 0 0 0 0 
0 0 0 0 0 0 0 0 0 0 0 0 0 0 0 0 
0 0 0 0 0 0 0 0 0 0 0 0 0 0 0 0 
0 0 0 0 0 0 0 0 0 0 0 0 0 0 0 0 
0 0 0 0 0 0 0 0 0 0 0 0 0 0 0 0 
0 0 0 0 0 0 0 0 0 0 0 0 0 0 0 0 
0 0 0 0 0 0 0 0 0 0 0 0 0 0 0 0 
0 0 0 0 0 0 0 0 0 0 0 0 0 0 0 0 
0 0 0 0 0 0 0 0 0 0 0 0 0 0 0 0 
0.0454248 0.0105619 0.134886 0.00395511 0.0243342 0.069702 0.0140619 0.0284229 0.0389052 0.0408899 0.0870563 0.0431417 0.0233859 0.0110161 0.0115908 0.00546832 
0.105875 0.165062 0.356633 0.00910457 0.141031 0.0126075 0.0030451 0.0608116 0.0822851 0.12919 0.0826714 0.012944 0.00317698 0.0340902 0.122573 0.00623443 
0.0307539 0.137503 0.368195 0.00762375 0.131502 0.178191 0.221575 0.0255569 0.0320003 0.135065 0.0370269 0.189626 0.193176 0.190586 0.144531 0.0188153 
0 0.164403 0.0333027 0.0341172 0.00753543 0.167731 0.116427 0.139445 0.0791608 0.054325 0.225587 0.155259 0.0958194 0.172045 0.140654 0.0209834 
0.0285735 0.139126 0.10643 0.027148 0.0896286 0.0411068 0.225073 0 0.0468681 0.135341 0.246101 0.11123 0.173206 0.190603 0.0955994 0.0124873 
0.0144511 0.170914 0.10361 0.199812 0.150148 0.0652923 0.168252 0.154468 0.015271 0.0461291 0.110788 0.0471283 0.150927 0.159911 0.0783301 2.89305e-006 
0.103462 0.179042 0.0381407 0.0651257 0.113022 0.134716 0.0294778 0.0960021 0.0853369 0.14113 0.095246 0.0180697 0.0111575 0.0741057 0.00863277 0.00481673 
0.0168196 0.151632 0.0841183 0.154049 0.0841506 0.0685589 0.236071 0.119479 0.0454019 0.125082 0.154658 0.0871271 0.010083 0.0102169 0.0982555 0.00190872 
0.0179073 0.101899 0.0535206 0.160509 0.0816448 0.0663449 0.150338 0.135904 0.0506987 0.0918714 0.125588 0.105479 0.0214329 0.134737 0.122213 0.0156373 
0.0052458 0.101887 0.26178 0.0261714 0.0912877 0.0817854 0.112607 0.0780623 0.0167047 0.11144 0.0793722 0.0680854 0.118314 0.00593495 0.0546863 0.00236762 
0.0818238 0.0476211 0.120841 0.0365102 0.0349874 0.0847869 0.114449 0.0579276 0.0334808 0.0933832 0.0597264 0.118691 0.0365581 0.0754972 0.0592409 0.0124027 
0.00200531 0.0175284 0.202318 0.0791709 0.0285043 0.0971691 0.0606107 0.00105036 0.0189312 0.0520593 0.0144396 0.0100721 0.0556112 0.070564 0.0813895 0.00531819 
0.0965939 0.0415403 0.149185 0.08439 0.0469442 0 0.0135694 0.012249 0.0140676 0.0430726 0.139952 0.122485 0.00393022 0.095016 0.0315768 0.00133029 
0.0904087 0.0360268 0.102955 0.117517 0.0431656 0.112695 0.129819 0.028294 0.0169971 0.0769978 0.0483717 0.11416 0.0015193 0.0862927 0.0196534 0.00716348 
0.0759051 0.101067 0.098437 0.0987633 0.10034 0.117545 0.0643058 0.0475214 0.0320912 0.0853432 0.0354119 0.105677 0.125166 0.114753 0.0390945 0.0039741 
0.0704674 0.0985066 0.0533778 0.0775405 0.0725616 0.0185184 0.0211025 0.0333071 0.031232 0.0961156 0.0827944 0.0153727 0.0539073 0.012437 0.0784046 6.20644e-017 
0.0418311 0.00382955 0.0179876 0.00743598 0.0390707 0.110113 0.0268494 0.0653565 0.0300139 0.0469336 0.103974 0.00467059 0.0633802 0.0994139 0.0296488 0.000925473 
0.0308812 0.0612236 0.0625888 0.0947399 0.0710338 0.0922046 0.0832712 0.00655654 0.0352258 0.0632474 0.0915796 0.0587825 0.00114187 0.0221547 0.00313671 0.00257015 
-4.31602e+008
0
0.00100642
0.000173177
0.000318327
0.000492058
0.000418877
0.000127096
0.000609581
0.000596871
0.00058145
8.42107e-005
0.000397748
0.000378589
0.000630578
0.000817145
0.000212354
8.47689e-005
0.000866506
0.00079331
0.000922899
0.000579909
0
0.000770306
0.000794234
0.000213334
0.00113156
0.000613048
0.000724285
0.000789068
0.00106499
0.000264072
0.000349112
0.000187673
5.62789e-005
0.000490156
0.000794174
0.000747976
0.000343915
0.000464809
0.000522298
0.00032512
0.000583825
0.00115793
0.00104547
0.000275157
0.000241768
0.00260242
0.00111619
0.00515092
0.0056321
0.00101089
0.0036108
0.00344606
0.0018194
0.00996503
0.01192
0.0118284
0.00974953
0.00335496
0.00686107
0.00579003
0.00168671
0.00661643
0.00365193
0.00736487
0.00484616
0.00012187
0.0021783
0.0110649
0.00072933
0.00145343
0.00240661
0.00301118
0.00501605
0.0010574
0.0112871
0.00775257
0.00288782
0.00250922
0.011689
0.00570578
0.00342646
0.00532408
0.0120574
0.00132223
0.00331377
0.00468964
0.0110255
0.00744729
0.000455002
0.0111187
0.00494403
0.00151636
0.000933841
0.00834767
0.0100868
0.00853747
0.00632106
0.00745864
0.00390822
0.00410823
0.00470654
0.00915173
0.00433608
0.00471088
0.00356519
0.000303889
0.00030558
0.000208219
0.00589202
0.00833164
0.00296516
0.00272332
0.00364457
0.00909745
0.000604914
0.0093799
0.0030237
0.00316682
0.000184728
0.00597848
0.00643452
0.00522975
0.00770859
0.00349011
0.000273899
0.00325758
0.00860961
0.00198758
0.00510464
0.00763181
0.00193603
0.000276591
0.00036593
0.00803395
0.000263903
0.0023655
0.00444777
0
0.00384503
0.00462452
0.00367225
0.00351868
0.00177649
0.00342175
0.00293348
0.00353036
0.00611789
0.00462632
0.00708012
0.0041458
0.00186975
0.00470321
0.0036284
0.0020775
0.00103113
0.00165336
0.00469203
0.00232678
0.00546059
0.00601491
0.00210779
0.00528292
0.00021956
0.00542719
0.000143195
0.00581719
0.00359424
0.00350539
0.00153523
0.0043884
6.96325e-005
0.00182497
0.00156138
0.00214854
0.00410431
0.00661141
0.000572983
0.00328157
0.00674211
0.000705137
0.000487547
0.00122698
0.00311696
0.00470886
0.00426148
0.00296441
0.0012848
0.00285803
0.00132471
0.00256287
0.00472871
0.00322135
0.00272745
0.00315052
0.00441714
0.00534184
0.000723535
0.00439277
0.00240217
0.00490048
0.00310666
0.00256362
0.00371974
0.00193038
0.00452431
0.00198179
0.0020614
0.00179237
0.000695776
0.00209156
0.00190923
0.00317008
0.00126207
0.00348407
0.00408436
0.00203319
0.00269661
0.00335409
0.0015583
0.00430676
0.00499698
0.000109305
0.00304565
0.00313094
0.000644301
0.000747504
0.00180283
0.00100355
0.00120518
0.00343025
0.00288715
0.00138068
0.00264035
0.00343513
0.00185831
0.000150437
0.00361212
0.00330827
0.00295845
0
0.00265193
0.00110072
0.00310961
0.00172058
0.00081119
0.0041129
0.00354325
0.00358271
0.00431761
0.00389772
0.00374359
0.00432337
0.00222371
0.00343875
0.000943057
0.00411961
0.00307903
0.00361411
0.0040387
0.00226287
0.00359342
0.00288345
8.80198e-005
0.00162598
0.0002193
0.00280162
0.000960196
0.00337885
0.00113697
0.00272915
0
0.00300725
0.00307643
0.0027925
0.00208301
0.000616515
0.00230882
0.000430898
0.000537101
0.000642195
0.00303724
0.000278581
0.00208415
0.00329549
0.00123368
0.00146517
6.65047e-005
0.000961879
0.000794632
0.000617718
0.00192087
0.00034328
0.00256891
0.00132022
0.0012901
0.000839228
0.00233216
0.00176945
0.00185086
0.00210902
0.00265761
0.00122465
0.000231547
0.000808158
0.000863545
0.00109241
0.00261669
0.000282921
0.000505924
0.00047494
0.00240834
0.000578688
0.00214753
0.00189871
0.000906988
0.0014178
0.00215008
0.0023619
0.00108362
0.00190121
0.00160796
0.000259834
0.00223093
9.57642e-005
0.000286529
0.000190481
0.00201917
0.000189482
0.00167955
0.00024266
0.00136297
0.000636897
0.000709744
0.0018259
0.00105124
0.00126445
0.000535293
0.0014216
0.00152623
0.000169652
0.00197212
0.000632385
0.000126512
0.000844556
0.00112316
0.0013375
2.13761e-005
0.00206506
0.0018562
0.0014063
0.00183741
0.00129418
0.00135599
0.00206402
0.0021173
0.000940504
0.00155742
0.00153318
0.000967505
0.000378364
0.00149118
0.00189219
0.00102854
0.00180517
0.00081121
0.00183401
0.00188354
9.62663e-005
0.00156549
0.0011222
9.47608e-005
0.000991091
0.00154582
0.000964582
0.00109148
0.000609482
0.000695239
0.000255398
0.000454959
3.63156e-005
0.000426796
0.000159761
0.00125963
0.00102864
0.00147121
0.00124152
0.000579563
0.00116395
0.00154791
0.000947737
0.000903562
0.00100907
0.00119881
0
0.00140007
0.00111753
0.000367143
0.000983816
4000 8000
0.000550919 -0.00103468 0.00182846 -0.00307885 0.00513848 -0.00893383 0.0184954 -0.140131 -0.428832 -0.452313 -0.224012 0.134567 0.347778 0.404494 0.408572 0.351556 0.278908 0.172868 0.0453 -0.103486 -0.234509 -0.286472 -0.273808 -0.211238 -0.170618 -0.143888 -0.0957346 -0.036751 0.0130951 0.045722 0.0632108 0.0807933 0.107456 0.141384 0.182453 0.179167 0.136259 0.0668297 -0.00420141 -0.0679561 -0.134023 -0.193642 -0.227736 -0.230693 -0.196315 -0.103791 0.0205555 0.157864 0.247434 0.283464 0.260737 0.178885 0.0780312 -0.0323418 -0.126448 -0.17493 -0.154282 -0.0935499 -0.0114712 0.0707082 0.134174 0.145593 0.110029 0.0236121 -0.105512 -0.215403 -0.274276 -0.27097 -0.220155 -0.143667 -0.0307898 0.111687 0.241261 0.318179 0.337556 0.296061 0.205128 0.0728993 -0.0998396 -0.282856 -0.406467 -0.433362 -0.373161 -0.239798 -0.0807578 0.055636 0.170697 0.253191 0.305516 0.315608 0.258468 0.170609 0.0719157 0.005286 -0.0351273 -0.057025 -0.0995112 -0.176664 -0.252727 -0.289936 -0.280653 -0.247245 -0.171942 -0.0700011 0.0634346 0.18869 0.29195 0.360688 0.379209 0.344763 0.260967 0.137741 -0.0275732 -0.233118 -0.414334 -0.517486 -0.527982 -0.431857 -0.267086 -0.0531619 0.172253 0.322428 0.404146 0.424667 0.377455 0.266454 0.104087 -0.0931712 -0.252212 -0.324234 -0.318531 -0.248793 -0.135841 -0.025198 0.0329723 0.0630189 0.0882413 0.100842 0.0916233 0.0569086 0.0062533 -0.0304481 -0.0345441 0.0205428 0.0915455 0.117082 0.0953068 0.0641922 0.0593211 0.0453313 0.00338509 -0.0788439 -0.170466 -0.212526 -0.186681 -0.105149 0.00261982 0.0769199 0.108343 0.119531 0.115719 0.0960799 0.0495462 -0.00206619 -0.0366264 -0.0198807 0.0387908 0.104374 0.139512 0.124224 0.058276 -0.0353374 -0.116352 -0.200302 -0.265794 -0.306322 -0.296059 -0.215563 -0.0643096 0.132974 0.298731 0.384944 0.40505 0.372802 0.291529 0.170191 -0.00632806 -0.221037 -0.415201 -0.529575 -0.544352 -0.452697 -0.270026 -0.0169921 0.209554 0.332519 0.387311 0.393071 0.362757 0.284518 0.164191 0.0098926 -0.131942 -0.213877 -0.228812 -0.208393 -0.211418 -0.222491 -0.211547 -0.152564 -0.0700232 0.0193528 0.0854417 0.134744 0.186061 0.237058 0.284069 0.288009 0.2357 0.14127 0.0257595 -0.0918847 -0.197814 -0.291648 -0.352053 -0.372224 -0.301726 -0.155976 0.0371863 0.213838 0.306064 0.334993 0.306677 0.23723 0.137253 0.00426844 -0.157007 -0.272618 -0.303509 -0.253044 -0.138405 0.0116325 0.125671 0.153639 0.134286 0.0877177 0.0269592 -0.0401781 -0.102412 -0.147027 -0.164759 -0.149522 -0.0776701 0.048532 0.168107 0.239757 0.253708 0.231261 0.167575 0.0730866 -0.0561632 -0.201989 -0.304547 -0.339946 -0.307886 -0.204949 -0.0698025 0.037379 0.109147 0.147747 0.179527 0.191392 0.170061 0.126109 0.0779795 0.051166 0.0485101 0.0604465 0.0414485 -0.0355128 -0.148574 -0.231279 -0.273223 -0.274257 -0.239056 -0.165524 -0.0465029 0.101716 0.246151 0.361408 0.426221 0.415305 0.347569 0.22283 0.0444498 -0.180024 -0.385503 -0.516843 -0.55867 -0.508976 -0.381688 -0.17046 0.0992368 0.320603 0.427593 0.456148 0.41384 0.319842 0.175968 0.00888319 -0.154538 -0.265572 -0.306705 -0.286968 -0.217251 -0.139811 -0.0700363 -0.00296783 0.0548221 0.0846209 0.0985688 0.0974127 0.0906158 0.0860511 0.0829428 0.101981 0.118529 0.103561 0.0576518 0.00170285 -0.0564267 -0.10408 -0.143918 -0.176528 -0.2013 -0.190938 -0.124748 -0.0110039 0.127841 0.209502 0.226637 0.196191 0.137719 0.0638029 -0.0226593 -0.110457 -0.153268 -0.128095 -0.047873 0.0555641 0.132728 0.162012 0.136514 0.0886923 0.0152075 -0.0876488 -0.197593 -0.274552 -0.291844 -0.238726 -0.130392 0.018403 0.177818 0.285848 0.34731 0.355699 0.310937 0.209968 0.0556314 -0.146199 -0.343524 -0.458361 -0.473565 -0.407608 -0.269065 -0.0818543 0.10053 0.233414 0.307933 0.343805 0.332209 0.267737 0.169889 0.0632792 -0.03002 -0.099548 -0.131989 -0.153386 -0.193575 -0.241229 -0.256345 -0.23641 -0.178278 -0.0888411 0.00771441 0.109048 0.195826 0.27405 0.3361 0.356436 0.309017 0.211197 0.0790923 -0.0705241 -0.234379 -0.376801 -0.470523 -0.486185 -0.390158 -0.210467 0.0244683 0.236559 0.354259 0.401748 0.401117 0.347171 0.240039 0.0749216 -0.128864 -0.28627 -0.340966 -0.307934 -0.217868 -0.0900481 0.0220716 0.0892321 0.11959 0.136076 0.126835 0.0902677 0.0254716 -0.0447092 -0.086034 -0.0895292 -0.0423251 0.0292506 0.0899679 0.115912 0.122019 0.118187 0.0924122 0.0324129 -0.0619945 -0.159742 -0.214981 -0.211222 -0.16088 -0.0609452 0.0384245 0.0971327 0.11483 0.111493 0.103552 0.0831515 0.0528073 0.0285433 0.0214914 0.0443738 0.0935544 0.131517 0.121858 0.0396234 -0.0709433 -0.168563 -0.23646 -0.271271 -0.283541 -0.260287 -0.181806 -0.0301588 0.168488 0.336963 0.421976 0.435785 0.386923 0.289144 0.138493 -0.0637902 -0.295229 -0.486104 -0.575495 -0.560044 -0.443562 -0.238221 0.033603 0.269463 0.399258 0.448583 0.438414 0.377208 0.262288 0.113924 -0.0549915 -0.199253 -0.280744 -0.295415 -0.268256 -0.232056 -0.196323 -0.139866 -0.0685183 0.0131295 0.0878974 0.131127 0.15642 0.170216 0.185668 0.199402 0.197668 0.157534 0.0804359 -0.0220943 -0.121605 -0.199556 -0.253551 -0.284196 -0.288782 -0.231016 -0.112799 0.0603442 0.230965 0.319392 0.327863 0.276695 0.189592 0.0838622 -0.0433657 -0.178993 -0.264889 -0.273105 -0.19685 -0.0679928 0.079645 0.169674 0.184177 0.158856 0.109876 0.0365243 -0.0602436 -0.158377 -0.228472 -0.236957 -0.189458 -0.0807815 0.0601237 0.190103 0.281794 0.325142 0.312254 0.237542 0.109357 -0.0655545 -0.243786 -0.35648 -0.389398 -0.356783 -0.249699 -0.102015 0.0449555 0.150935 0.212364 0.248276 0.250545 0.214934 0.153671 0.0887282 0.0309056 -0.0132335 -0.0398085 -0.0645861 -0.12436 -0.198925 -0.250815 -0.269536 -0.244517 -0.18581 -0.091446 0.0264663 0.150561 0.26014 0.354493 0.404799 0.389544 0.310783 0.179956 0.00317868 -0.213348 -0.405256 -0.530045 -0.561684 -0.491302 -0.326214 -0.0809558 0.19525 0.376739 0.461324 0.476836 0.42454 0.308753 0.131213 -0.0749113 -0.258954 -0.350166 -0.359687 -0.304987 -0.211783 -0.106658 -0.00166606 0.0957746 0.1559 0.169677 0.150605 0.106224 0.0616731 0.0246197 0.00777821 0.0124481 0.0331098 0.0466606 0.0484891 0.0355334 0.0103499 -0.0261897 -0.0759035 -0.128705 -0.172283 -0.172646 -0.129443 -0.0459734 0.0641758 0.147788 0.174902 0.15568 0.107792 0.0455067 -0.0260463 -0.0932877 -0.115467 -0.0877125 -0.0174295 0.0656852 0.139816 0.165069 0.131946 0.0702476 -0.0122501 -0.109742 -0.201131 -0.269734 -0.295547 -0.248176 -0.131895 0.0492357 0.227533 0.341802 0.39301 0.390139 0.340953 0.229448 0.0516174 -0.188719 -0.413204 -0.532451 -0.530369 -0.434008 -0.259221 -0.047092 0.154627 0.295212 0.376119 0.405467 0.368213 0.271305 0.139426 0.00968669 -0.101116 -0.175563 -0.214296 -0.228235 -0.235742 -0.228658 -0.195166 -0.145883 -0.0751333 0.000943279 0.0763675 0.141538 0.195917 0.24242 0.278244 0.282238 0.240276 0.152762 0.0304168 -0.112387 -0.254262 -0.363912 -0.433528 -0.429365 -0.329544 -0.154202 0.0734325 0.269932 0.360834 0.384169 0.358427 0.291807 0.181599 0.021126 -0.16267 -0.301288 -0.34403 -0.302161 -0.186953 -0.0345064 0.0860443 0.143758 0.163926 0.164548 0.135322 0.0803205 -0.00766542 -0.0973226 -0.153681 -0.14701 -0.0804201 0.0162016 0.0981131 0.154602 0.194736 0.205497 0.17266 0.0814747 -0.0521412 -0.185072 -0.255489 -0.266389 -0.222924 -0.132061 -0.0275527 0.0613576 0.113423 0.143352 0.14356 0.123978 0.0942484 0.0729199 0.0593333 0.059825 0.0673946 0.0781063 0.0616652 -0.00647217 -0.0982811 -0.182421 -0.238976 -0.259082 -0.246806 -0.204272 -0.117282 0.0148071 0.173909 0.312296 0.396613 0.410385 0.358614 0.253193 0.0959297 -0.112505 -0.328102 -0.481615 -0.552464 -0.524298 -0.402255 -0.181362 0.0989601 0.30913 0.410494 0.446161 0.430038 0.354008 0.223159 0.0537671 -0.12565 -0.256145 -0.308295 -0.299042 -0.250128 -0.192766 -0.123752 -0.0360093 0.0410707 0.0984917 0.119877 0.119527 0.114555 0.11275 0.11496 0.120288 0.11368 0.0904701 0.0498186 -0.0106136 -0.0803625 -0.151695 -0.201532 -0.229008 -0.222139 -0.172534 -0.0825492 0.0460715 0.179665 0.260043 0.272081 0.22421 0.138062 0.0349441 -0.0808888 -0.177759 -0.221933 -0.203779 -0.130598 -0.0195732 0.10315 0.176792 0.183897 0.147537 0.0787209 -0.0153911 -0.114422 -0.20112 -0.24757 -0.245072 -0.183018 -0.0615969 0.0931518 0.227943 0.312156 0.345251 0.323022 0.24243 0.100228 -0.0903965 -0.279616 -0.385817 -0.406302 -0.350532 -0.228073 -0.0750838 0.0715887 0.177756 0.249779 0.288502 0.28106 0.222631 0.144094 0.0643253 -0.00203215 -0.0563454 -0.0970972 -0.134959 -0.179597 -0.210727 -0.22455 -0.218305 -0.187098 -0.123359 -0.0284946 0.0829585 0.177403 0.252443 0.310291 0.337233 0.320234 0.244695 0.119456 -0.0569423 -0.254413 -0.409015 -0.489145 -0.483773 -0.390461 -0.22666 0.00546116 0.240578 0.375355 0.42811 0.414987 0.35117 0.229964 0.0575596 -0.138547 -0.292132 -0.358054 -0.342273 -0.262441 -0.141273 -0.0209503 0.0735757 0.1458 0.179745 0.182286 0.146743 0.0827778 0.00970863 -0.0441227 -0.0579645 -0.0310637 0.0109705 0.0391354 0.0556582 0.0682373 0.0767302 0.0559388 0.0013199 -0.0800854 -0.142216 -0.156758 -0.126872 -0.0613025 0.0212436 0.0835504 0.109614 0.106767 0.0838402 0.044125 -0.0136638 -0.0543596 -0.0571831 -0.0210299 0.0347138 0.0866194 0.121442 0.115758 0.0739774 0.0100369 -0.0703986 -0.155361 -0.222116 -0.263483 -0.25613 -0.193395 -0.0673599 0.103782 0.256625 0.35523 0.39019 0.364731 0.285791 0.154652 -0.04078 -0.268146 -0.446538 -0.525735 -0.506701 -0.393819 -0.195079 0.0466594 0.244456 0.350474 0.404059 0.408485 0.354545 0.243619 0.0988129 -0.0611154 -0.187762 -0.253197 -0.267489 -0.255018 -0.238149 -0.197667 -0.132839 -0.0449251 0.0432689 0.107087 0.141588 0.166324 0.183952 0.202196 0.211143 0.195263 0.151164 0.0741246 -0.0213585 -0.135627 -0.244286 -0.325193 -0.355837 -0.320505 -0.216919 -0.0650647 0.118349 0.269688 0.34372 0.345938 0.285885 0.186931 0.0586586 -0.0905654 -0.223151 -0.293352 -0.293811 -0.232068 -0.110187 0.00565881 -0.154949 -0.220916 -0.0256281 0.284075 0.449288 0.442991 0.332908 0.187646 0.0467624 -0.0641853 -0.115759 -0.0980295 -0.0204142 0.0605706 0.0808458 0.038397 -0.0104645 -0.0660275 -0.135722 -0.181036 -0.182598 -0.114827 0.0475553 0.222876 0.293912 0.241721 0.137664 0.0283199 -0.071028 -0.153876 -0.191161 -0.168336 -0.0644255 0.102967 0.210776 0.196615 0.120435 0.0186443 -0.0937616 -0.20054 -0.271098 -0.280934 -0.193062 0.0185325 0.238083 0.316201 0.297673 0.244495 0.172149 0.0842087 -0.038178 -0.168236 -0.248433 -0.246032 -0.179535 -0.134619 -0.10074 -0.0316129 0.0632655 0.136935 0.173412 0.186994 0.191991 0.211907 0.195561 0.08388 -0.107461 -0.288045 -0.372849 -0.360975 -0.288074 -0.164751 0.0233117 0.251926 0.428754 0.486425 0.403272 0.224601 -0.0041339 -0.25159 -0.437961 -0.518529 -0.48831 -0.334162 -0.0447874 0.222204 0.341956 0.368292 0.339644 0.266435 0.142374 -0.0262946 -0.185029 -0.233446 -0.191213 -0.134483 -0.120511 -0.120612 -0.0919223 -0.0503616 -0.00598256 0.0288391 0.0787497 0.164762 0.270869 0.331236 0.281981 0.168601 0.0312257 -0.106963 -0.241419 -0.33722 -0.360567 -0.28693 -0.105618 0.0813716 0.163192 0.153062 0.119925 0.0974317 0.0788744 0.0541228 0.00674204 -0.00333002 0.0426343 0.123104 0.139766 0.0776128 -0.0348761 -0.171943 -0.279985 -0.334519 -0.320096 -0.212108 -0.0227292 0.181568 0.284741 0.304636 0.29055 0.266865 0.206476 0.0839347 -0.0764339 -0.194374 -0.207222 -0.145803 -0.0996615 -0.131899 -0.181387 -0.193044 -0.160392 -0.0908804 -0.00647792 0.110617 0.250114 0.376898 0.430779 0.36789 0.223202 0.0207747 -0.225731 -0.447852 -0.577003 -0.594344 -0.47567 -0.229938 0.0989022 0.359444 0.457025 0.469948 0.419337 0.307355 0.146193 -0.0428454 -0.209747 -0.290961 -0.295943 -0.296359 -0.285079 -0.227042 -0.119028 0.00697936 0.0992626 0.169322 0.24754 0.329836 0.374854 0.322048 0.176462 -0.0257076 -0.234368 -0.387748 -0.453995 -0.428988 -0.312736 -0.106533 0.143572 0.333574 0.396312 0.366962 0.266127 0.120632 -0.0495034 -0.197108 -0.250492 -0.209309 -0.108209 0.00758131 0.0679544 0.0845099 0.0639921 0.0160986 -0.0550921 -0.121925 -0.133591 -0.0752082 0.0421906 0.151003 0.186233 0.159323 0.113336 0.0605467 -0.00670902 -0.09433 -0.164932 -0.165884 -0.103531 -0.0191145 0.0296403 0.027677 0.00368333 -0.0239289 -0.0412578 -0.0436737 -0.00392025 0.0815996 0.196775 0.283477 0.28829 0.198647 0.0467881 -0.136626 -0.311848 -0.418326 -0.446163 -0.379573 -0.216841 0.0240956 0.260161 0.381726 0.400656 0.345007 0.232923 0.0893288 -0.080654 -0.21091 -0.259754 -0.240488 -0.195041 -0.165935 -0.13725 -0.0899232 -0.00778454 0.0651075 0.110196 0.1479 0.199815 0.266415 0.300189 0.258799 0.123579 -0.0725744 -0.270382 -0.384503 -0.40911 -0.347553 -0.214963 -0.0201641 0.190491 0.3052 0.322168 0.27089 0.167661 0.0340431 -0.119051 -0.229898 -0.254013 -0.194112 -0.0643415 0.0709061 0.144156 0.130733 0.0701228 -0.00868972 -0.0781929 -0.117998 -0.109421 -0.0563676 0.0304882 0.106286 0.125111 0.109106 0.0855029 0.0586186 0.0112328 -0.0556839 -0.0879867 -0.0709168 -0.00888073 0.0414573 0.0292813 -0.0387164 -0.113879 -0.151706 -0.146776 -0.0960019 0.00223869 0.127242 0.250895 0.334498 0.336414 0.234111 0.0519841 -0.181987 -0.38618 -0.491726 -0.489692 -0.374311 -0.170572 0.109884 0.329446 0.426772 0.434339 0.369865 0.246736 0.0682587 -0.137449 -0.292098 -0.344835 -0.312526 -0.250626 -0.204087 -0.168843 -0.0893444 0.0243222 0.132808 0.205264 0.251009 0.289942 0.321058 0.306648 0.198924 0.0104029 -0.220169 -0.407185 -0.491872 -0.476932 -0.358188 -0.161953 0.0994441 0.31964 0.413258 0.405306 0.324377 0.202825 0.0461506 -0.116891 -0.231953 -0.265165 -0.216509 -0.105239 -0.00923523 0.0194835 -0.00486203 -0.0440179 -0.0714839 -0.0806195 -0.0584008 0.00812149 0.106129 0.220292 0.262761 0.216077 0.115257 0.0181999 -0.0630311 -0.144471 -0.209861 -0.230509 -0.17364 -0.0481832 0.0649574 0.100518 0.072423 0.0260634 -0.0121768 -0.0169284 0.0124746 0.0808858 0.167237 0.240073 0.261674 0.192169 0.0568236 -0.114159 -0.285048 -0.40498 -0.450568 -0.397582 -0.246273 0.0128866 0.282426 0.415438 0.437711 0.38682 0.289842 0.145866 -0.0403013 -0.230706 -0.336585 -0.340743 -0.277452 -0.20805 -0.15131 -0.076529 0.0264643 0.127485 0.192012 0.226254 0.258844 0.293456 0.309198 0.233229 0.0545676 -0.17933 -0.378933 -0.474727 -0.478484 -0.390698 -0.219969 0.0422493 0.32512 0.482496 0.492752 0.398553 0.243234 0.0522926 -0.147804 -0.32709 -0.406467 -0.37168 -0.233641 -0.0518282 0.0786438 0.14272 0.15774 0.150413 0.116085 0.0608546 0.0116279 0.00617473 0.0615679 0.107918 0.0815683 0.00219473 -0.075374 -0.116524 -0.128373 -0.137295 -0.143519 -0.102436 0.00801402 0.140623 0.199809 0.169416 0.101197 0.0175771 -0.052428 -0.0997478 -0.0956181 -0.0336765 0.0663392 0.156568 0.170961 0.11146 0.00849372 -0.113206 -0.219324 -0.280096 -0.277824 -0.205902 -0.0407769 0.189838 0.340648 0.36245 0.311207 0.214022 0.0845864 -0.0738455 -0.249822 -0.354088 -0.343993 -0.241761 -0.127013 -0.0644726 -0.0192303 0.0436613 0.127845 0.182435 0.188581 0.174978 0.178561 0.21482 0.219104 0.135269 -0.0354287 -0.235822 -0.384135 -0.449062 -0.433783 -0.328244 -0.119135 0.158264 0.368611 0.44746 0.432124 0.358181 0.236544 0.0565249 -0.179595 -0.365578 -0.42209 -0.349117 -0.186491 -0.0342392 0.05516 0.0879021 0.105462 0.113414 0.0955248 0.0555188 0.0270511 0.0523649 0.112091 0.131832 0.0817251 0.0014523 -0.0669529 -0.112862 -0.142661 -0.170179 -0.153779 -0.0723757 0.0642142 0.155834 0.151115 0.0935982 0.0202184 -0.0413186 -0.0866484 -0.101234 -0.0548277 0.0528314 0.1848 0.254173 0.224446 0.119823 -0.0226737 -0.183108 -0.320249 -0.393237 -0.373899 -0.236918 -0.000318355 0.243133 0.377006 0.412761 0.376832 0.279019 0.12456 -0.0871454 -0.285344 -0.375625 -0.346708 -0.240838 -0.139803 -0.055889 0.0156224 0.0957448 0.161432 0.192144 0.190122 0.185614 0.199424 0.20594 0.152497 0.024067 -0.144554 -0.29683 -0.393339 -0.423326 -0.375642 -0.216207 0.045035 0.304591 0.434915 0.451448 0.393208 0.279348 0.122346 -0.0918605 -0.308065 -0.422845 -0.413167 -0.292323 -0.121164 0.0255451 0.108075 0.144392 0.157644 0.148675 0.120032 0.0879998 0.0913948 0.125332 0.145179 0.0910016 -0.0180048 -0.135513 -0.216349 -0.254197 -0.268318 -0.24115 -0.144764 0.0268612 0.214168 0.312707 0.311746 0.2351 0.121767 -0.00970574 -0.122838 -0.176839 -0.147321 -0.0501604 0.0545065 0.103779 0.086814 0.0333962 -0.0455247 -0.136022 -0.212389 -0.239721 -0.179372 -0.0305314 0.172669 0.324388 0.368874 0.336137 0.241578 0.103299 -0.0820178 -0.274582 -0.395931 -0.410545 -0.32791 -0.196188 -0.0644768 0.0438342 0.135653 0.209686 0.257402 0.265114 0.245813 0.222167 0.195772 0.143401 0.0218722 -0.1546 -0.332795 -0.451101 -0.483886 -0.43346 -0.280151 -0.0291224 0.266683 0.470758 0.542147 0.507572 0.385702 0.201175 -0.0427924 -0.314758 -0.495173 -0.528674 -0.43351 -0.24832 -0.0313997 0.123926 0.203327 0.238413 0.243809 0.205851 0.134294 0.0711827 0.043533 0.0582626 0.0575154 -0.00192176 -0.100521 -0.190272 -0.232441 -0.236394 -0.208595 -0.139192 -0.0134751 0.145171 0.265118 0.301866 0.255976 0.160687 0.0314012 -0.107185 -0.215809 -0.241058 -0.174283 -0.0480714 0.0734902 0.117086 0.0965673 0.0440647 -0.0165026 -0.0817049 -0.144005 -0.157539 -0.101272 0.0319307 0.188282 0.279954 0.278808 0.204886 0.091235 -0.0437355 -0.185873 -0.289013 -0.310479 -0.253631 -0.133458 -0.00586339 0.0707427 0.103606 0.121502 0.140574 0.145399 0.131227 0.118335 0.114987 0.122862 0.0940269 -0.00725726 -0.166393 -0.314126 -0.399489 -0.408332 -0.329208 -0.150287 0.115644 0.361536 0.497013 0.513797 0.426839 0.272413 0.0639291 -0.195177 -0.432166 -0.54339 -0.516438 -0.365892 -0.132477 0.0926391 0.228061 0.274811 0.285599 0.265307 0.201061 0.110499 0.0263418 -0.015267 -0.0221541 -0.0511929 -0.122207 -0.197573 -0.231623 -0.223981 -0.184044 -0.120841 -0.0124036 0.134447 0.269921 0.320657 0.270864 0.163432 0.0373168 -0.0868372 -0.191513 -0.240625 -0.202945 -0.0915304 0.0611503 0.158614 0.14962 0.0738113 -0.0112622 -0.0865854 -0.155119 -0.191819 -0.168756 -0.0618935 0.111644 0.270534 0.324034 0.279319 0.176922 0.0441867 -0.107012 -0.251167 -0.333754 -0.327331 -0.22626 -0.0628278 0.0644476 0.120502 0.132304 0.149431 0.162966 0.158914 0.135308 0.111214 0.108562 0.108304 0.0517441 -0.0782276 -0.227501 -0.336039 -0.382427 -0.357983 -0.258027 -0.0549535 0.201262 0.403053 0.489459 0.460057 0.345609 0.175942 -0.0417507 -0.285964 -0.456589 -0.511605 -0.446084 -0.267564 -0.0333115 0.156966 0.246811 0.284439 0.289072 0.257844 0.189898 0.103109 0.0357298 0.00268636 -0.0285537 -0.111485 -0.211708 -0.275778 -0.276665 -0.226105 -0.152048 -0.0453313 0.102022 0.264273 0.376418 0.371134 0.268699 0.11467 -0.0538059 -0.215581 -0.323651 -0.342849 -0.256651 -0.084124 0.0964811 0.179299 0.164588 0.120338 0.0676136 0.00433068 -0.0731252 -0.132241 -0.113905 -0.00104963 0.164173 0.26377 0.254796 0.176303 0.0573788 -0.073387 -0.209657 -0.308542 -0.335386 -0.265306 -0.106551 0.0573933 0.156056 0.192862 0.208085 0.209904 0.18667 0.129094 0.0619509 0.0251315 0.0224205 -0.000257852 -0.094924 -0.22026 -0.310901 -0.336232 -0.298682 -0.213343 -0.0566162 0.167504 0.386973 0.509746 0.505804 0.399913 0.227075 0.00878373 -0.247129 -0.460911 -0.562578 -0.535229 -0.377422 -0.130376 0.118787 0.267277 0.332938 0.347638 0.317208 0.242396 0.136226 0.0372766 -0.0263172 -0.0506969 -0.104398 -0.193479 -0.271816 -0.30142 -0.271539 -0.201028 -0.091779 0.0594396 0.234075 0.380873 0.430833 0.369544 0.231553 0.0598191 -0.138907 -0.316662 -0.416553 -0.397775 -0.255864 -0.0350926 0.149769 0.205801 0.190127 0.152438 0.101182 0.029607 -0.066427 -0.121719 -0.0947351 0.0168391 0.134827 0.181725 0.158679 0.0884042 -0.00673674 -0.117872 -0.210083 -0.247159 -0.20328 -0.084704 0.0554584 0.138692 0.157665 0.154301 0.148645 0.127695 0.0897839 0.0216284 -0.00459691 -0.139226 -0.275212 -0.258748 -0.120063 0.0277444 0.0944715 0.103905 0.0854579 0.0859068 0.131648 0.206447 0.24559 0.202831 0.109822 0.00993707 -0.0810422 -0.200264 -0.333158 -0.400041 -0.372055 -0.253234 -0.0665379 0.115608 0.252445 0.327033 0.368185 0.354113 0.273941 0.128746 -0.0354142 -0.194044 -0.302035 -0.374284 -0.420294 -0.39943 -0.284478 -0.0960789 0.119374 0.275447 0.354479 0.39521 0.396238 0.340294 0.192858 -0.0412561 -0.299945 -0.455544 -0.484275 -0.404224 -0.238907 -0.0222631 0.186001 0.303116 0.344653 0.32146 0.233871 0.101627 -0.0691173 -0.207006 -0.253337 -0.204319 -0.0985098 0.0114157 0.0697597 0.0761642 0.0548361 0.0203382 -0.0236501 -0.0682538 -0.0907009 -0.0588986 0.03159 0.148426 0.216804 0.192563 0.101199 -0.0235614 -0.136596 -0.206423 -0.215947 -0.17499 -0.0893817 0.0394001 0.172298 0.25205 0.24334 0.167918 0.0524013 -0.087222 -0.208136 -0.259207 -0.236992 -0.159526 -0.046965 0.0832547 0.200013 0.241515 0.208702 0.124438 0.0223885 -0.0813899 -0.158341 -0.191793 -0.175462 -0.114844 -0.0224473 0.0915473 0.146742 0.133148 0.0961781 0.0703725 0.048792 0.0193295 -0.0246124 -0.0665773 -0.0795217 -0.0422302 0.0385995 0.0985652 0.0996794 0.0601508 0.0222061 -0.00759307 -0.0309169 -0.0718579 -0.118769 -0.135039 -0.0888642 0.00832829 0.113649 0.178456 0.19659 0.187685 0.146614 0.0695451 -0.0494081 -0.180183 -0.278624 -0.302984 -0.25445 -0.129293 0.0451644 0.194769 0.276825 0.29416 0.260082 0.174862 0.0609138 -0.0772597 -0.20038 -0.264987 -0.256627 -0.173546 -0.0521395 0.0532876 0.0990431 0.101764 0.0836723 0.0681081 0.0458203 0.023819 0.0100806 0.0156885 0.0586151 0.106816 0.102192 0.0267894 -0.0834375 -0.192172 -0.262289 -0.279645 -0.226214 -0.106814 0.0623134 0.238224 0.363752 0.39995 0.342244 0.219465 0.0539114 -0.139454 -0.325841 -0.433347 -0.449115 -0.360514 -0.187972 0.0534325 0.264266 0.354653 0.365413 0.324773 0.249134 0.131844 -0.0174881 -0.176477 -0.28258 -0.305371 -0.249644 -0.155397 -0.0735264 -0.0158288 0.0331795 0.092316 0.14684 0.17439 0.158152 0.120248 0.0903352 0.0901154 0.097783 0.0726413 0.00604393 -0.0832387 -0.158631 -0.200278 -0.210846 -0.20093 -0.154489 -0.0658344 0.0631972 0.194621 0.286194 0.320239 0.292638 0.218135 0.100895 -0.0521608 -0.21644 -0.334086 -0.384746 -0.358732 -0.267126 -0.10627 0.0878728 0.233404 0.310818 0.318585 0.268455 0.173785 0.0579171 -0.0682964 -0.161337 -0.209993 -0.201123 -0.138675 -0.0637109 -0.0135665 0.00505828 0.0135689 0.0151287 0.0184995 0.0191894 0.0367889 0.0752383 0.137179 0.201274 0.216524 0.152014 0.0315178 -0.105911 -0.230457 -0.313631 -0.349428 -0.315347 -0.203185 -0.0112243 0.20908 0.361777 0.407515 0.371181 0.2766 0.137989 -0.0339956 -0.227418 -0.369674 -0.423552 -0.374613 -0.234192 -0.0254512 0.157003 0.252519 0.291188 0.289877 0.252661 0.17155 0.0596652 -0.0691781 -0.161048 -0.188359 -0.151757 -0.101414 -0.0733847 -0.0631648 -0.044113 -0.00738883 0.0320589 0.0602054 0.06805 0.0809739 0.109466 0.149593 0.170778 0.147723 0.0739625 -0.0276689 -0.134959 -0.221094 -0.266432 -0.26673 -0.205182 -0.0886319 0.0640687 0.201967 0.291334 0.31932 0.292608 0.213496 0.0874335 -0.080639 -0.245418 -0.3371 -0.352117 -0.294446 -0.175929 -0.00736405 0.143445 0.227062 0.249173 0.219668 0.154072 0.0655125 -0.0371059 -0.127959 -0.169795 -0.158649 -0.0930096 -0.0184687 0.0216793 0.0201323 0.00450635 -0.00592372 -0.0139995 -0.0266745 -0.0388749 -0.0250133 0.0313918 0.126841 0.204471 0.211483 0.140297 0.0315531 -0.0845004 -0.182219 -0.253824 -0.287159 -0.255138 -0.151288 0.0234455 0.200451 0.299984 0.312262 0.265878 0.178715 0.0605575 -0.0859871 -0.224953 -0.313471 -0.329715 -0.259556 -0.115948 0.0611717 0.181768 0.23137 0.231724 0.201542 0.145419 0.0654492 -0.0337611 -0.118144 -0.15247 -0.135004 -0.0795873 -0.0339508 -0.00825733 -0.000158338 0.00410633 0.00506941 0.00526453 0.00544884 0.0130413 0.0471243 0.0927011 0.13974 0.153877 0.118892 0.0431683 -0.0516045 -0.15317 -0.23548 -0.281608 -0.267902 -0.177592 -0.0281002 0.144181 0.277692 0.341193 0.328919 0.257022 0.131508 -0.0300622 -0.207974 -0.342414 -0.393152 -0.358368 -0.244549 -0.0631992 0.141121 0.270987 0.311742 0.2864 0.219393 0.119912 -0.000363351 -0.126918 -0.22518 -0.252663 -0.197191 -0.0890273 -0.00286204 0.0341961 0.0382721 0.0417509 0.0488085 0.0502006 0.0297676 0.0041139 0.00475341 0.0489538 0.121192 0.156173 0.1225 0.0378028 -0.061521 -0.151357 -0.207337 -0.229776 -0.211522 -0.142847 -0.0187345 0.138901 0.255122 0.29671 0.272132 0.201991 0.0943776 -0.0422739 -0.188513 -0.290167 -0.327667 -0.294959 -0.191823 -0.0316282 0.1264 0.214873 0.247578 0.235816 0.190542 0.109966 0.00816549 -0.0908737 -0.147591 -0.156424 -0.125069 -0.0737265 -0.0348968 -0.0113679 0.000683825 0.0174065 0.0239413 0.0204161 0.00910108 0.0164052 0.0552162 0.113851 0.167049 0.172571 0.122761 0.0326176 -0.0763677 -0.186757 -0.267851 -0.30716 -0.282276 -0.186327 -0.0301704 0.151337 0.28732 0.347867 0.332154 0.255771 0.130138 -0.0290085 -0.202717 -0.333005 -0.393008 -0.367998 -0.254196 -0.0590439 0.141153 0.25308 0.288099 0.271271 0.224581 0.145657 0.0421369 -0.0801264 -0.17484 -0.207803 -0.164985 -0.0912442 -0.0453003 -0.0311761 -0.0275243 -0.0083529 0.0189814 0.0449049 0.0577966 0.0723325 0.0994608 0.141613 0.170425 0.142806 0.0620039 -0.0421621 -0.140631 -0.220755 -0.263655 -0.261103 -0.193337 -0.0703948 0.0922692 0.238038 0.310824 0.307749 0.250629 0.159384 0.0403496 -0.102425 -0.245318 -0.328445 -0.333168 -0.258055 -0.123587 0.0402654 0.165761 0.22577 0.242009 0.217972 0.161989 0.0735125 -0.0316308 -0.131153 -0.177295 -0.165658 -0.102969 -0.0354154 0.00328214 0.0169811 0.0222778 0.0336409 0.0347286 0.0198662 -0.00413364 -0.0040729 0.0276763 0.0882083 0.141291 0.150163 0.105221 0.0213112 -0.0806543 -0.172618 -0.231607 -0.251969 -0.21898 -0.130994 0.0146172 0.169354 0.270783 0.302979 0.270177 0.182546 0.0558219 -0.0944877 -0.230619 -0.31156 -0.330455 -0.272511 -0.139329 0.0430639 0.180088 0.234064 0.231166 0.191819 0.130231 0.0524527 -0.0330465 -0.109153 -0.139343 -0.115629 -0.0499936 -0.00362809 -0.000704578 -0.0223012 -0.0367375 -0.0342377 -0.0259736 -0.0166 0.0012042 0.0550199 0.130538 0.201404 0.216934 0.159714 0.0553093 -0.0632771 -0.177286 -0.264051 -0.306097 -0.291353 -0.199641 -0.0419842 0.149956 0.291194 0.344089 0.32153 0.249832 0.141895 0.00171554 -0.162684 -0.301937 -0.366336 -0.349587 -0.252712 -0.0933407 0.0871109 0.211474 0.270577 0.27889 0.246118 0.175029 0.0684757 -0.0589099 -0.169855 -0.225112 -0.213671 -0.146927 -0.0751861 -0.020441 0.0116552 0.0390562 0.0622697 0.0739354 0.0683884 0.0507503 0.043024 0.05526 0.0892756 0.106057 0.0829994 0.022646 -0.0574401 -0.146503 -0.212915 -0.239381 -0.21761 -0.141512 -0.0177634 0.139841 0.264951 0.320713 0.303494 0.22939 0.107241 -0.0457182 -0.209366 -0.326364 -0.368033 -0.328596 -0.208231 -0.027953 0.152888 0.251763 0.275905 0.247355 0.182455 0.0901802 -0.0170206 -0.121326 -0.180608 -0.166586 -0.0992354 -0.0199992 0.0175543 0.0208963 0.012049 0.010644 0.00641655 -0.00611564 -0.0204202 -0.00860251 0.0468101 0.126693 0.192825 0.19536 0.135056 0.036486 -0.0727496 -0.177052 -0.253383 -0.292376 -0.269975 -0.174314 -0.0166322 0.158897 0.271252 0.311231 0.29326 0.231576 0.126975 -0.0209402 -0.186153 -0.30154 -0.344393 -0.315939 -0.217461 -0.062264 0.0954499 0.194259 0.241321 0.246745 0.218031 0.15141 0.0555353 -0.0520664 -0.135214 -0.175524 -0.159773 -0.112054 -0.0723243 -0.0483593 -0.0316419 -0.00712714 0.01532 0.0348877 0.0453701 0.061134 0.0899848 0.13028 0.164185 0.153157 0.0910522 -0.00627547 -0.117783 -0.223248 -0.290126 -0.304738 -0.249206 -0.126794 0.0486468 0.228761 0.339594 0.367315 0.322197 0.220933 0.0728622 -0.102858 -0.275386 -0.38366 -0.405491 -0.328089 -0.161806 0.0472639 0.21106 0.286195 0.299333 0.261432 0.184772 0.0734055 -0.0539589 -0.167759 -0.216439 -0.188119 -0.103448 -0.0281848 0.0054495 0.0148603 0.0189352 0.0311918 0.0365916 0.0297936 0.0158499 0.029389 0.0724999 0.130363 0.159527 0.131498 0.0607157 -0.0314838 -0.126235 -0.204781 -0.245042 -0.238932 -0.169426 -0.0504936 0.100122 0.225896 0.280943 0.273084 0.216154 0.123829 0.00177855 -0.136897 -0.252289 -0.303226 -0.294062 -0.224065 -0.100799 0.0561835 0.178918 0.23152 0.232033 0.194415 0.130823 0.0473275 -0.0394068 -0.114704 -0.152248 -0.142631 -0.0884908 -0.0322386 -0.00183944 0.00685185 0.00943292 0.014779 0.0145105 0.0103331 0.00664133 0.0278618 0.0719478 0.131912 0.167521 0.146809 0.0755063 -0.024046 -0.131739 -0.22302 -0.277179 -0.285864 -0.225204 -0.0954214 0.0914954 0.254128 0.335783 0.341453 0.286178 0.179529 0.0323919 -0.140229 -0.294588 -0.37971 -0.376695 -0.275109 -0.0962728 0.0992648 0.225806 0.278984 0.280561 0.24037 0.164302 0.0571246 -0.0614483 -0.155103 -0.182977 -0.148793 -0.0836859 -0.043125 -0.0284428 -0.0260848 -0.0189197 -0.00284342 0.0128178 0.0273148 0.049534 0.0920613 0.142993 0.183771 0.176726 0.116409 0.0172649 -0.0991357 -0.212304 -0.288371 -0.30191 -0.247992 -0.127372 0.0334515 0.201858 0.309774 0.343009 0.308683 0.220317 0.089799 -0.0704114 -0.232826 -0.33818 -0.361082 -0.312619 -0.198156 -0.0345926 0.133 0.235213 0.271911 0.256568 0.200105 0.113697 0.00840966 -0.0988239 -0.175571 -0.194514 -0.152337 -0.0762274 -0.0210846 0.00185942 0.0069803 0.0188403 0.0340182 0.0408693 0.0337624 0.0289397 0.0501845 0.0958913 0.147985 0.155127 0.10753 0.0226079 -0.0772182 -0.172222 -0.239767 -0.27134 -0.252975 -0.168537 -0.0175685 0.164317 0.286648 0.327936 0.301468 0.227106 0.110397 -0.0406792 -0.201873 -0.318516 -0.360735 -0.318058 -0.191404 -0.0171168 0.138251 0.223825 0.252771 0.234367 0.177173 0.091946 -0.00347997 -0.0858143 -0.126931 -0.115259 -0.0686484 -0.024824 -0.0112881 -0.0147747 -0.0258732 -0.0333396 -0.0407751 -0.0394748 -0.0193348 0.0305691 0.101566 0.170604 0.205942 0.181368 0.106583 0.0017617 -0.117189 -0.224161 -0.290296 -0.289543 -0.231167 -0.0881706 0.00800093 -0.117339 -0.0707541 0.188452 0.450079 0.533857 0.456874 0.288581 0.0904045 -0.112874 -0.265798 -0.324086 -0.287853 -0.159431 -0.0139014 0.0580274 0.0580625 0.0499286 0.0416554 0.0251032 -0.00270245 -0.021806 0.0222048 0.127094 0.239032 0.246062 0.133821 -0.0171326 -0.15944 -0.251549 -0.28851 -0.273859 -0.195737 -0.034925 0.178198 0.290119 0.278224 0.196095 0.0982127 -0.0239482 -0.165512 -0.278163 -0.303841 -0.221682 -0.0151632 0.205522 0.296445 0.275804 0.20348 0.107556 -0.00628639 -0.14395 -0.247467 -0.284975 -0.212725 -0.0942449 0.00951434 0.103145 0.191204 0.252858 0.243494 0.183849 0.100544 0.0353897 0.0111249 -0.0245627 -0.132601 -0.268733 -0.332058 -0.283373 -0.168523 -0.0449069 0.0561636 0.185592 0.332624 0.437441 0.416824 0.278314 0.0836767 -0.133229 -0.321751 -0.426646 -0.459687 -0.412275 -0.264555 -0.0207786 0.189991 0.277783 0.285724 0.266057 0.218034 0.138101 0.0350946 -0.0530803 -0.0850315 -0.0738534 -0.0873291 -0.169139 -0.239214 -0.248674 -0.203007 -0.132558 -0.0522106 0.0701246 0.218582 0.353048 0.397597 0.322723 0.18016 0.0035792 -0.175865 -0.324738 -0.400841 -0.391508 -0.268217 -0.042948 0.165684 0.237818 0.210589 0.153841 0.0868794 0.00393085 -0.0894474 -0.157227 -0.142083 -0.0343863 0.119213 0.194138 0.172464 0.0883312 -0.0300346 -0.162628 -0.282662 -0.329852 -0.277525 -0.124305 0.0703234 0.203301 0.258528 0.281602 0.290129 0.250952 0.142012 -0.0176905 -0.161463 -0.208149 -0.182166 -0.16492 -0.197484 -0.213626 -0.180891 -0.102821 -0.00284929 0.0920006 0.19614 0.299802 0.373601 0.369915 0.265454 0.0977331 -0.111768 -0.316999 -0.462822 -0.529612 -0.499479 -0.349809 -0.0909275 0.204012 0.379829 0.425366 0.41219 0.34563 0.236721 0.0883553 -0.0793382 -0.20663 -0.255487 -0.259074 -0.27383 -0.271239 -0.217328 -0.112188 0.00590365 0.0920944 0.173926 0.266651 0.358345 0.394136 0.323945 0.161207 -0.0523895 -0.26288 -0.405142 -0.462174 -0.436072 -0.31635 -0.10192 0.154839 0.327826 0.374078 0.340235 0.241933 0.108978 -0.0483178 -0.191069 -0.237192 -0.189665 -0.0748212 0.0373612 0.0917615 0.0894739 0.047875 -0.0218619 -0.107956 -0.171402 -0.169559 -0.0860274 0.0582929 0.172746 0.206296 0.182489 0.14404 0.0963644 0.0232574 -0.0845759 -0.166701 -0.171401 -0.113809 -0.0369994 -0.00573153 -0.0171737 -0.0390377 -0.0500318 -0.0482014 -0.0396128 0.0161881 0.117184 0.23476 0.309882 0.295875 0.190588 0.0239258 -0.168541 -0.339447 -0.435555 -0.452618 -0.372588 -0.199206 0.051888 0.285579 0.394221 0.404428 0.343182 0.231214 0.0822515 -0.0950442 -0.226507 -0.270266 -0.249215 -0.214359 -0.19069 -0.155751 -0.0822025 0.0281319 0.113409 0.155757 0.189545 0.238195 0.289918 0.29402 0.215492 0.0561128 -0.145322 -0.32438 -0.411925 -0.412768 -0.325798 -0.16312 0.051559 0.246658 0.337744 0.34413 0.280411 0.166254 0.0187368 -0.143547 -0.243104 -0.251644 -0.174767 -0.0402976 0.0775308 0.12178 0.0948664 0.0398579 -0.0283734 -0.0868821 -0.112923 -0.084171 -0.00766017 0.0953851 0.163808 0.167535 0.13516 0.0905218 0.036533 -0.0389928 -0.119048 -0.144095 -0.107709 -0.0228081 0.0423216 0.0388655 -0.0176929 -0.0774405 -0.102533 -0.0982806 -0.0549987 0.034371 0.155925 0.266102 0.326526 0.29738 0.172116 -0.011475 -0.227649 -0.401012 -0.479979 -0.451974 -0.313813 -0.0893141 0.186512 0.364647 0.422757 0.400088 0.319432 0.195197 0.0240639 -0.165584 -0.295123 -0.319233 -0.266174 -0.20243 -0.165119 -0.135134 -0.060739 0.0376864 0.123247 0.178528 0.226886 0.275069 0.312924 0.291312 0.173133 -0.0186098 -0.23608 -0.392875 -0.460826 -0.439272 -0.316661 -0.112495 0.148175 0.341102 0.408038 0.378206 0.281758 0.149407 -0.012633 -0.169281 -0.265562 -0.273987 -0.200781 -0.0719081 0.0316236 0.0636351 0.0481364 0.0122723 -0.028123 -0.0636615 -0.0636535 -0.0125027 0.076892 0.170151 0.18958 0.140521 0.0617896 -0.000551575 -0.0527161 -0.116066 -0.16914 -0.175654 -0.10923 0.00709506 0.0927102 0.0922232 0.0390529 -0.0183493 -0.0539094 -0.0502877 -0.00611943 0.0790744 0.173855 0.245422 0.253762 0.169926 0.0315932 -0.14094 -0.306915 -0.412837 -0.434574 -0.35161 -0.172567 0.0970566 0.334618 0.424107 0.412372 0.33903 0.22456 0.0711996 -0.114807 -0.280265 -0.344493 -0.311835 -0.226557 -0.161573 -0.118063 -0.0507005 0.0468417 0.140991 0.199372 0.230692 0.256255 0.288533 0.298717 0.212798 0.0289126 -0.205573 -0.394967 -0.481529 -0.478193 -0.383578 -0.205825 0.0578814 0.321562 0.466281 0.480429 0.396319 0.250123 0.0643648 -0.14374 -0.31615 -0.377416 -0.330004 -0.192693 -0.0363942 0.0594836 0.0994316 0.104508 0.0987143 0.0703797 0.0299077 0.00733975 0.0325718 0.11096 0.161929 0.133935 0.0471611 -0.0434757 -0.105994 -0.144605 -0.176803 -0.180275 -0.11683 0.00424393 0.126275 0.164721 0.126306 0.0621287 -0.00281515 -0.0452907 -0.0640617 -0.0371442 0.0360422 0.137746 0.211947 0.19749 0.105756 -0.0275234 -0.170278 -0.283601 -0.334169 -0.305741 -0.202814 -0.0178349 0.203582 0.334005 0.356513 0.317981 0.234715 0.111045 -0.0524616 -0.229832 -0.324104 -0.31689 -0.234194 -0.152954 -0.106865 -0.0571984 0.0219898 0.125015 0.201152 0.229453 0.233295 0.242671 0.256818 0.211542 0.0758152 -0.126921 -0.325 -0.444757 -0.469763 -0.407678 -0.254625 -0.00751033 0.27544 0.45756 0.49528 0.431385 0.306777 0.139298 -0.0657749 -0.290067 -0.428683 -0.431991 -0.316324 -0.13278 0.0284997 0.123175 0.152349 0.157076 0.140316 0.0999432 0.0497923 0.0261028 0.0559208 0.106569 0.106317 0.0444356 -0.0385915 -0.104647 -0.14591 -0.172151 -0.18732 -0.144535 -0.0336307 0.121528 0.211221 0.206622 0.147677 0.0664066 -0.0139184 -0.0863485 -0.118608 -0.0861181 0.0072262 0.118809 0.174362 0.149705 0.0650865 -0.0452642 -0.166082 -0.26101 -0.301902 -0.264675 -0.131904 0.0742953 0.260597 0.338313 0.3431 0.292535 0.19726 0.0592076 -0.125997 -0.283209 -0.342403 -0.304877 -0.214692 -0.134059 -0.065899 0.00129843 0.0858243 0.162519 0.214857 0.238347 0.252476 0.261207 0.236189 0.135155 -0.0393365 -0.237249 -0.396125 -0.475908 -0.472514 -0.371827 -0.157946 0.139004 0.395299 0.501143 0.490063 0.396249 0.247624 0.0629428 -0.165518 -0.365268 -0.445623 -0.399718 -0.257311 -0.0803015 0.0608468 0.132618 0.160216 0.163343 0.142811 0.102696 0.0692885 0.0728143 0.106919 0.124902 0.0739192 -0.0266042 -0.135219 -0.205761 -0.234558 -0.238231 -0.19775 -0.0994561 0.0607094 0.211416 0.275112 0.256788 0.177892 0.0711889 -0.0472833 -0.139569 -0.162775 -0.102774 0.00917785 0.106059 0.133769 0.0952386 0.0251714 -0.0678276 -0.163091 -0.237876 -0.256175 -0.183187 -0.0244909 0.178424 0.313782 0.350428 0.311344 0.218429 0.0916787 -0.0812454 -0.255668 -0.359447 -0.364359 -0.286215 -0.172906 -0.0632461 0.0292155 0.112345 0.183423 0.236527 0.25425 0.248302 0.23053 0.199426 0.128227 -0.00871881 -0.186828 -0.352765 -0.449082 -0.460829 -0.386854 -0.214818 0.0397492 0.312073 0.473494 0.511013 0.451944 0.320538 0.140558 -0.085919 -0.324104 -0.465444 -0.477424 -0.383279 -0.215148 -0.0333706 0.0975477 0.17387 0.219175 0.23532 0.201536 0.143983 0.101558 0.0900362 0.102116 0.0705483 -0.0241004 -0.15371 -0.25419 -0.289182 -0.269681 -0.20543 -0.0981123 0.0587263 0.224209 0.32294 0.325156 0.244174 0.117378 -0.0326447 -0.172615 -0.256774 -0.241432 -0.139649 0.00805306 0.126087 0.147103 0.098446 0.0242031 -0.0519073 -0.121465 -0.169601 -0.162128 -0.0844491 0.0645149 0.217405 0.295932 0.293567 0.226525 0.113479 -0.0401151 -0.207954 -0.3244 -0.345623 -0.282472 -0.155875 -0.0282194 0.0598294 0.117205 0.164492 0.204286 0.211579 0.183256 0.140787 0.10324 0.077878 0.0188779 -0.0911164 -0.229185 -0.33359 -0.37605 -0.349771 -0.245816 -0.0582019 0.186668 0.373355 0.4469 0.423364 0.328838 0.193525 0.0210995 -0.196912 -0.382684 -0.452018 -0.415164 -0.283573 -0.0966087 0.0698132 0.163727 0.202492 0.228792 0.226758 0.189244 0.131574 0.0783708 0.0482291 0.0198009 -0.0493492 -0.153743 -0.243984 -0.276867 -0.256531 -0.197094 -0.108487 0.0307421 0.19644 0.324106 0.348827 0.27613 0.151247 0.00894057 -0.130775 -0.240603 -0.277872 -0.224711 -0.0982911 0.0616774 0.158489 0.158719 0.0998727 0.0264699 -0.0501937 -0.124294 -0.166329 -0.146588 -0.0431322 0.11337 0.238358 0.267954 0.224241 0.133569 0.0147004 -0.126533 -0.258726 -0.323566 -0.300902 -0.187034 -0.0304668 0.0846496 0.138471 0.15684 0.173756 0.177045 0.158198 0.121173 0.0859186 0.0663652 0.0412604 -0.0313767 -0.148134 -0.253099 -0.31261 -0.322164 -0.278588 -0.167638 0.032317 0.256959 0.406803 0.444149 0.383971 0.262677 0.105267 -0.0897916 -0.297878 -0.429153 -0.465528 -0.393224 -0.224781 -0.0170758 0.144294 0.226758 0.274171 0.283827 0.253193 0.185768 0.106863 0.0474568 0.00995045 -0.0445971 -0.147284 -0.24726 -0.293808 -0.271154 -0.204185 -0.117639 -0.000288205 0.146331 0.288411 0.358335 0.322956 0.215602 0.0777995 -0.0705984 -0.214992 -0.304508 -0.306048 -0.209881 -0.0417014 0.110278 0.157527 0.125775 0.0841238 0.04262 -0.00767459 -0.0769132 -0.122467 -0.0887347 0.0296404 0.180585 0.251247 0.224292 0.136789 0.022178 -0.0991854 -0.215704 -0.284629 -0.283646 -0.194453 -0.0439467 0.0858764 0.149267 0.162738 0.165237 0.154931 0.125263 0.0758565 0.0357528 0.0293293 0.0444153 0.0231575 -0.0679512 -0.180337 -0.262501 -0.292388 -0.272727 -0.206159 -0.0629766 0.150604 0.351645 0.44685 0.43154 0.337 0.189089 -0.00423003 -0.23486 -0.416469 -0.496895 -0.460675 -0.311246 -0.0908838 0.117957 0.238949 0.302232 0.324777 0.302069 0.226876 0.116765 0.0134575 -0.0514822 -0.0871925 -0.15239 -0.229462 -0.276873 -0.265787 -0.204875 -0.115956 -0.00141765 0.137438 0.275163 0.358244 0.347327 0.258259 0.130589 -0.0107584 -0.172595 -0.306379 -0.370653 -0.326349 -0.177443 0.0260426 0.163025 0.181026 0.156077 0.121053 0.0762045 0.00815145 -0.0677749 -0.0954112 -0.0476643 0.0626672 0.149113 0.156425 0.104906 0.025572 -0.0654857 -0.160504 -0.221056 -0.220794 -0.140785 -0.00268382 0.127225 0.175276 